78 8 27 83 84 37 53 1 41 86 
10 75 47 66 94 42 17 62 16 5 
23 91 92 47 44 85 85 13 1 97 
15 55 96 51 46 59 23 76 98 67 
59 47 67 71 54 89 39 44 23 70 
37 51 7 51 7 54 55 75 6 64 
1 82 4 67 49 5 17 85 22 60 
40 52 92 47 48 19 36 71 55 13 
56 0 36 4 92 11 65 40 6 91 
75 66 50 95 56 21 76 35 50 59 

61 18 96 37 9 95 81 73 42 22 
27 16 77 72 40 12 2 81 65 23 
5 77 5 4 2 38 77 81 22 21 
42 27 86 45 61 99 53 24 95 90 
69 13 97 81 55 13 93 0 59 30 
92 24 56 75 89 79 57 45 27 44 
30 57 4 73 45 27 6 84 24 89 
26 43 73 56 32 15 17 8 29 8 
58 23 40 33 79 66 82 11 11 65 
54 73 97 90 31 23 98 56 74 87 
